r=       14.00000
A =      615.75216
